0.000398 0.000000 0.500000
0.000322 0.000234 0.500000
0.000123 0.000379 0.500000
-0.000123 0.000379 0.500000
-0.000322 0.000234 0.500000
-0.000398 0.000001 0.500000
-0.000323 -0.000233 0.500000
-0.000124 -0.000378 0.500000
0.000122 -0.000379 0.500000
0.000321 -0.000235 0.500000
0.000398 -0.000001 0.500000
0.078571 0.000000 0.493788
0.063580 0.046163 0.493788
0.024327 0.074710 0.493788
-0.024208 0.074749 0.493788
-0.063507 0.046264 0.493788
-0.078571 0.000125 0.493788
-0.063654 -0.046061 0.493788
-0.024446 -0.074671 0.493788
0.024089 -0.074787 0.493788
0.063433 -0.046365 0.493788
0.078571 -0.000250 0.493788
0.154811 0.000000 0.475430
0.125274 0.090956 0.475430
0.047933 0.147204 0.475430
-0.047699 0.147280 0.475430
-0.125129 0.091155 0.475430
-0.154811 0.000247 0.475430
-0.125419 -0.090756 0.475430
-0.048168 -0.147127 0.475430
0.047464 -0.147356 0.475430
0.124984 -0.091354 0.475430
0.154811 -0.000493 0.475430
0.227244 0.000000 0.445377
0.183886 0.133512 0.445377
0.070360 0.216077 0.445377
-0.070016 0.216188 0.445377
-0.183674 0.133805 0.445377
-0.227243 0.000362 0.445377
-0.184099 -0.133219 0.445377
-0.070704 -0.215964 0.445377
0.069671 -0.216300 0.445377
0.183460 -0.134097 0.445377
0.227242 -0.000724 0.445377
0.294086 0.000000 0.404368
0.237976 0.172784 0.404368
0.091056 0.279634 0.404368
-0.090610 0.279779 0.404368
-0.237700 0.173162 0.404368
-0.294086 0.000468 0.404368
-0.238250 -0.172404 0.404368
-0.091501 -0.279489 0.404368
0.090165 -0.279923 0.404368
0.237424 -0.173541 0.404368
0.294084 -0.000937 0.404368
0.353694 0.000000 0.353413
0.286211 0.207805 0.353413
0.109512 0.336313 0.353413
-0.108976 0.336487 0.353413
-0.285879 0.208261 0.353413
-0.353694 0.000563 0.353413
-0.286541 -0.207349 0.353413
-0.110047 -0.336139 0.353413
0.108440 -0.336661 0.353413
0.285547 -0.208716 0.353413
0.353692 -0.001127 0.353413
0.404602 0.000000 0.293764
0.327406 0.237715 0.293764
0.125274 0.384720 0.293764
-0.124661 0.384919 0.293764
-0.327027 0.238236 0.293764
-0.404602 0.000644 0.293764
-0.327784 -0.237193 0.293764
-0.125887 -0.384520 0.293764
0.124048 -0.385117 0.293764
0.326647 -0.238756 0.293764
0.404600 -0.001289 0.293764
0.445557 0.000000 0.226889
0.360547 0.261777 0.226889
0.137955 0.423663 0.226889
-0.137280 0.423882 0.226889
-0.360130 0.262351 0.226889
-0.445557 0.000710 0.226889
-0.360963 -0.261203 0.226889
-0.138629 -0.423442 0.226889
0.136605 -0.424100 0.226889
0.359711 -0.262924 0.226889
0.445555 -0.001419 0.226889
0.475553 0.000000 0.154433
0.384819 0.279400 0.154433
0.147242 0.452184 0.154433
-0.146522 0.452418 0.154433
-0.384374 0.280013 0.154433
-0.475552 0.000757 0.154433
-0.385264 -0.278787 0.154433
-0.147962 -0.451949 0.154433
0.145801 -0.452651 0.154433
0.383928 -0.280625 0.154433
0.475550 -0.001515 0.154433
0.493850 0.000000 0.078178
0.399626 0.290151 0.078178
0.152907 0.469582 0.078178
-0.152159 0.469825 0.078178
-0.399163 0.290787 0.078178
-0.493850 0.000786 0.078178
-0.400087 -0.289514 0.078178
-0.153655 -0.469338 0.078178
0.151411 -0.470067 0.078178
0.398700 -0.291422 0.078178
0.493848 -0.001573 0.078178
0.500000 0.000000 -0.000000
0.404602 0.293764 -0.000000
0.154811 0.475430 -0.000000
-0.154054 0.475676 -0.000000
-0.404134 0.294408 -0.000000
-0.499999 0.000796 -0.000000
-0.405069 -0.293119 -0.000000
-0.155568 -0.475183 -0.000000
0.153296 -0.475920 -0.000000
0.403664 -0.295051 -0.000000
0.499997 -0.001593 -0.000000
0.493850 0.000000 -0.078178
0.399626 0.290151 -0.078178
0.152907 0.469582 -0.078178
-0.152159 0.469825 -0.078178
-0.399163 0.290787 -0.078178
-0.493850 0.000786 -0.078178
-0.400087 -0.289514 -0.078178
-0.153655 -0.469338 -0.078178
0.151411 -0.470067 -0.078178
0.398700 -0.291422 -0.078178
0.493848 -0.001573 -0.078178
0.475553 0.000000 -0.154433
0.384819 0.279400 -0.154433
0.147242 0.452184 -0.154433
-0.146522 0.452418 -0.154433
-0.384374 0.280013 -0.154433
-0.475552 0.000757 -0.154433
-0.385264 -0.278787 -0.154433
-0.147962 -0.451949 -0.154433
0.145801 -0.452651 -0.154433
0.383928 -0.280625 -0.154433
0.475550 -0.001515 -0.154433
0.445557 0.000000 -0.226889
0.360547 0.261777 -0.226889
0.137955 0.423663 -0.226889
-0.137280 0.423882 -0.226889
-0.360130 0.262351 -0.226889
-0.445557 0.000710 -0.226889
-0.360963 -0.261203 -0.226889
-0.138629 -0.423442 -0.226889
0.136605 -0.424100 -0.226889
0.359711 -0.262924 -0.226889
0.445555 -0.001419 -0.226889
0.404602 0.000000 -0.293764
0.327406 0.237715 -0.293764
0.125274 0.384720 -0.293764
-0.124661 0.384919 -0.293764
-0.327027 0.238236 -0.293764
-0.404602 0.000644 -0.293764
-0.327784 -0.237193 -0.293764
-0.125887 -0.384520 -0.293764
0.124048 -0.385117 -0.293764
0.326647 -0.238756 -0.293764
0.404600 -0.001289 -0.293764
0.353694 0.000000 -0.353413
0.286211 0.207805 -0.353413
0.109512 0.336313 -0.353413
-0.108976 0.336487 -0.353413
-0.285879 0.208261 -0.353413
-0.353694 0.000563 -0.353413
-0.286541 -0.207349 -0.353413
-0.110047 -0.336139 -0.353413
0.108440 -0.336661 -0.353413
0.285547 -0.208716 -0.353413
0.353692 -0.001127 -0.353413
0.294086 0.000000 -0.404368
0.237975 0.172784 -0.404368
0.091056 0.279634 -0.404368
-0.090610 0.279779 -0.404368
-0.237700 0.173162 -0.404368
-0.294085 0.000468 -0.404368
-0.238250 -0.172404 -0.404368
-0.091501 -0.279489 -0.404368
0.090165 -0.279923 -0.404368
0.237424 -0.173541 -0.404368
0.294084 -0.000937 -0.404368
0.227244 0.000000 -0.445377
0.183886 0.133512 -0.445377
0.070360 0.216077 -0.445377
-0.070016 0.216188 -0.445377
-0.183674 0.133805 -0.445377
-0.227243 0.000362 -0.445377
-0.184099 -0.133219 -0.445377
-0.070704 -0.215964 -0.445377
0.069671 -0.216300 -0.445377
0.183460 -0.134097 -0.445377
0.227242 -0.000724 -0.445377
0.154811 0.000000 -0.475430
0.125274 0.090956 -0.475430
0.047933 0.147204 -0.475430
-0.047699 0.147280 -0.475430
-0.125129 0.091155 -0.475430
-0.154811 0.000247 -0.475430
-0.125419 -0.090756 -0.475430
-0.048168 -0.147127 -0.475430
0.047464 -0.147356 -0.475430
0.124984 -0.091354 -0.475430
0.154811 -0.000493 -0.475430
0.078571 0.000000 -0.493788
0.063580 0.046163 -0.493788
0.024327 0.074710 -0.493788
-0.024208 0.074749 -0.493788
-0.063507 0.046264 -0.493788
-0.078571 0.000125 -0.493788
-0.063654 -0.046061 -0.493788
-0.024446 -0.074671 -0.493788
0.024089 -0.074787 -0.493788
0.063433 -0.046365 -0.493788
0.078571 -0.000250 -0.493788
0.000398 0.000000 -0.500000
0.000322 0.000234 -0.500000
0.000123 0.000379 -0.500000
-0.000123 0.000379 -0.500000
-0.000322 0.000234 -0.500000
-0.000398 0.000001 -0.500000
-0.000323 -0.000233 -0.500000
-0.000124 -0.000378 -0.500000
0.000122 -0.000379 -0.500000
0.000321 -0.000235 -0.500000
0.000398 -0.000001 -0.500000
